(554,712,0)
(95,657,1)
(640,78,2)
(55,110,3)
(442,480,4)
(441,481,5)
(442,480,6)
(440,480,7)
(459,493,8)
(440,480,9)
(440,479,10)
(439,478,11)
(460,491,12)
(436,476,13)
(442,454,14)
(442,475,15)
(456,464,16)
(456,464,17)
(458,464,18)
(457,464,19)
(468,447,20)
(466,437,21)
(463,428,22)
(466,421,23)
(468,420,24)
(469,419,25)
(469,419,26)
(468,420,27)
(464,412,28)
(467,403,29)
(476,400,30)
(476,392,31)
(476,396,32)
(480,388,33)
(478,392,34)
(477,396,35)
(478,392,36)
(478,396,37)
(478,396,38)
(480,388,39)
(485,390,40)
(486,388,41)
(494,385,42)
(500,374,43)
(500,380,44)
(501,380,45)
(499,378,46)
(499,378,47)
(511,354,48)
(511,353,49)
(511,353,50)
(511,350,51)
(511,352,52)
(511,351,53)
(510,350,54)
(510,348,55)
(510,342,56)
(510,335,57)
(509,331,58)
(509,325,59)
(507,311,60)
(510,323,61)
(512,320,62)
(511,319,63)
(500,294,64)
(500,294,65)
(500,294,66)
(500,293,67)
(487,285,68)
(481,276,69)
(494,293,70)
(470,268,71)
(470,267,72)
(471,268,73)
(470,267,74)
(472,270,75)
(457,269,76)
(448,262,77)
(445,260,78)
(445,260,79)
(446,262,80)
(444,262,81)
(444,262,82)
(442,261,83)
(424,249,84)
(442,261,85)
(417,251,86)
(442,261,87)
(420,246,88)
(426,251,89)
(415,253,90)
(416,254,91)
(398,265,92)
(392,267,93)
(390,267,94)
(390,267,95)
(390,267,96)
(392,268,97)
(392,268,98)
(379,265,99)
(369,270,100)
(363,275,101)
(363,277,102)
(363,279,103)
(363,279,104)
(363,279,105)
(372,282,106)
(373,286,107)
(363,303,108)
(355,310,109)
(353,312,110)
(353,312,111)
(353,312,112)
(353,312,113)
(353,312,114)
(353,312,115)
(353,314,116)
(351,320,117)
(348,326,118)
(347,328,119)
(344,329,120)
(345,331,121)
(345,335,122)
(343,341,123)
(341,349,124)
(345,354,125)
(341,358,126)
(341,357,127)
(341,360,128)
(337,363,129)
(337,357,130)
(337,363,131)
(337,363,132)
(337,359,133)
(337,364,134)
(337,360,135)
(336,357,136)
(334,359,137)
(329,364,138)
(323,369,139)
(318,370,140)
(317,368,141)
(317,368,142)
(317,368,143)
(316,372,144)
(313,369,145)
(307,372,146)
(306,386,147)
(305,388,148)
(303,387,149)
(302,387,150)
(300,390,151)
(299,387,152)
(294,386,153)
(287,377,154)
(282,375,155)
(281,388,156)
(277,373,157)
(277,373,158)
(277,373,159)
(276,369,160)
(272,362,161)
(269,361,162)
(267,353,163)
(267,350,164)
(266,341,165)
(267,335,166)
(269,328,167)
(269,328,168)
(270,326,169)
(270,326,170)
(271,327,171)
(271,327,172)
(271,327,173)
(270,327,174)
(271,322,175)
(265,329,176)
(265,326,177)
(271,313,178)
(272,316,179)
(277,306,180)
(281,299,181)
(297,293,182)
(301,290,183)
(302,289,184)
(302,289,185)
(302,289,186)
(302,289,187)
(302,289,188)
(302,289,189)
(302,289,190)
(325,279,191)
(325,280,192)
(325,280,193)
(315,286,194)
(317,293,195)
(327,296,196)
(334,303,197)
(342,307,198)
(342,309,199)
(342,309,200)
(342,309,201)
(342,309,202)
(342,309,203)
(342,309,204)
(363,315,205)
(368,327,206)
(367,332,207)
(367,332,208)
(367,332,209)
(367,332,210)
(357,339,211)
(361,343,212)
(365,353,213)
(364,353,214)
(368,358,215)
(362,354,216)
(360,359,217)
(356,360,218)
(358,360,219)
(364,358,220)
(369,363,221)
(368,357,222)
(368,359,223)
(370,363,224)
(375,362,225)
(380,370,226)
(386,376,227)
(390,373,228)
(389,372,229)
(390,374,230)
(389,374,231)
(392,376,232)
(401,378,233)
(406,384,234)
(404,399,235)
(402,399,236)
(402,399,237)
(404,400,238)
(410,399,239)
(416,403,240)
(422,404,241)
(432,398,242)
(432,398,243)
(432,398,244)
(433,398,245)
(432,400,246)
(434,399,247)
(438,399,248)
(442,398,249)
(452,400,250)
(458,401,251)
(462,396,252)
(458,410,253)
(459,411,254)
(456,407,255)
(462,406,256)
(466,401,257)
(470,396,258)
(474,390,259)
(470,396,260)
(470,396,261)
(470,396,262)
(475,394,263)
(473,394,264)
(480,402,265)
(474,401,266)
(482,400,267)
(480,406,268)
(475,400,269)
(475,400,270)
(474,401,271)
(474,401,272)
(474,401,273)
(474,401,274)
(474,401,275)
(474,401,276)
(474,401,277)
(474,401,278)
(474,401,279)
(474,401,280)
(474,401,281)
(474,401,282)
(474,401,283)
(474,401,284)
(474,401,285)
(474,401,286)
(474,401,287)
(474,401,288)
(474,401,289)
(474,401,290)
(476,402,291)
(477,402,292)
(477,402,293)
(479,401,294)
(482,402,295)
(481,400,296)
(482,402,297)
(482,402,298)
(482,400,299)
(483,400,300)
(483,400,301)
(483,400,302)
(485,410,303)
(485,410,304)
(485,410,305)
(485,410,306)
(490,409,307)
(492,412,308)
(492,412,309)
(492,412,310)
(492,412,311)
(493,412,312)
(493,412,313)
(502,403,314)
(502,403,315)
(504,404,316)
(503,410,317)
(504,408,318)
(504,408,319)
(504,408,320)
(504,404,321)
(504,404,322)
(505,405,323)
(504,405,324)
(504,405,325)
(504,405,326)
(504,405,327)
(505,405,328)
(505,405,329)
(504,404,330)
(506,404,331)
(509,403,332)
(510,426,333)
(510,426,334)
(517,430,335)
(507,423,336)
(512,410,337)
(512,410,338)
(512,410,339)
(508,422,340)
(512,410,341)
(512,410,342)
(512,410,343)
(512,410,344)
(512,410,345)
(512,410,346)
(534,437,347)
(535,436,348)
(512,410,349)
(533,426,350)
(495,395,351)
(494,393,352)
(497,392,353)
(496,392,354)
(496,392,355)
(495,392,356)
(497,391,357)
(497,391,358)
(495,384,359)
(496,396,360)
(496,392,361)
(498,390,362)
(498,385,363)
(502,379,364)
(504,373,365)
(510,380,366)
(511,360,367)
(511,360,368)
(511,359,369)
(511,358,370)
(511,357,371)
(511,358,372)
(511,357,373)
(511,354,374)
(511,356,375)
(510,354,376)
(511,350,377)
(510,348,378)
(510,342,379)
(509,334,380)
(510,327,381)
(510,326,382)
(510,325,383)
(511,323,384)
(511,321,385)
(511,315,386)
(505,299,387)
(505,299,388)
(492,290,389)
(487,283,390)
(482,278,391)
(482,278,392)
(492,285,393)
(481,278,394)
(483,278,395)
(470,281,396)
(464,276,397)
(470,271,398)
(456,272,399)
(456,271,400)
(456,271,401)
(455,271,402)
(454,271,403)
(452,270,404)
(442,265,405)
(436,265,406)
(432,267,407)
(431,267,408)
(430,267,409)
(430,267,410)
(430,268,411)
(424,282,412)
(418,286,413)
(416,287,414)
(416,287,415)
(416,287,416)
(416,287,417)
(416,287,418)
(416,288,419)
(416,292,420)
(412,293,421)
(406,296,422)
(403,299,423)
(373,291,424)
(366,293,425)
(388,303,426)
(382,305,427)
(377,309,428)
(364,310,429)
(361,309,430)
(358,311,431)
(357,309,432)
(353,314,433)
(350,317,434)
(347,319,435)
(344,320,436)
(342,321,437)
(340,320,438)
(339,318,439)
(361,311,440)
(361,311,441)
(353,313,442)
(357,312,443)
(353,312,444)
(348,313,445)
(343,315,446)
(343,314,447)
(339,316,448)
(339,316,449)
(339,317,450)
(339,317,451)
(339,317,452)
(339,317,453)
(339,317,454)
(340,317,455)
(340,317,456)
(340,317,457)
(340,317,458)
(340,317,459)
(340,317,460)
(340,317,461)
(340,317,462)
(340,317,463)
(339,317,464)
(339,317,465)
(341,316,466)
(344,314,467)
(349,311,468)
(353,308,469)
(355,308,470)
(355,303,471)
(357,307,472)
(357,306,473)
(358,304,474)
(359,304,475)
(358,305,476)
(359,307,477)
(355,308,478)
(355,308,479)
(352,308,480)
(348,308,481)
(349,308,482)
(349,309,483)
(348,309,484)
(348,309,485)
(348,309,486)
(349,306,487)
(356,302,488)
(359,301,489)
(326,306,490)
(327,303,491)
(329,294,492)
(362,282,493)
(360,280,494)
(360,280,495)
(361,282,496)
(361,282,497)
(349,284,498)
(338,292,499)
(328,295,500)
(331,292,501)
(327,293,502)
(328,295,503)
(317,312,504)
(311,318,505)
(305,320,506)
(311,317,507)
(309,318,508)
(309,318,509)
(308,317,510)
(305,322,511)
(308,317,512)
(311,311,513)
(309,314,514)
(306,317,515)
(303,316,516)
(296,320,517)
(289,328,518)
(285,331,519)
(281,335,520)
(277,346,521)
(277,346,522)
(277,346,523)
(275,347,524)
(275,347,525)
(275,347,526)
(276,347,527)
(276,345,528)
(276,348,529)
(278,354,530)
(277,350,531)
(278,354,532)
(276,355,533)
(275,359,534)
(274,361,535)
(273,359,536)
(273,361,537)
(273,361,538)
(274,359,539)
(274,359,540)
(275,359,541)
(272,361,542)
(275,376,543)
(279,374,544)
(284,373,545)
(289,369,546)
(296,369,547)
(303,369,548)
(307,364,549)
(313,362,550)
(319,364,551)
(323,360,552)
(324,362,553)
(325,362,554)
(325,362,555)
(325,362,556)
(325,362,557)
(325,360,558)
(329,366,559)
(345,354,560)
(349,357,561)
(353,351,562)
(352,353,563)
(355,353,564)
(357,354,565)
(357,355,566)
(356,356,567)
(357,356,568)
(359,357,569)
(361,358,570)
(361,359,571)
(361,359,572)
(361,359,573)
(361,359,574)
(361,359,575)
(361,359,576)
(361,359,577)
(361,359,578)
(357,359,579)
(357,358,580)
(358,356,581)
(358,354,582)
(356,353,583)
(357,351,584)
(355,351,585)
(355,348,586)
(357,345,587)
(355,345,588)
(351,346,589)
(351,347,590)
(349,347,591)
(349,348,592)
(349,348,593)
(349,348,594)
(349,348,595)
(349,348,596)
(349,348,597)
(349,348,598)
(349,348,599)
(349,348,600)
(349,349,601)
(349,349,602)
(348,349,603)
(348,347,604)
(341,349,605)
(331,351,606)
(322,355,607)
(315,363,608)
(319,355,609)
(317,358,610)
(316,355,611)
(316,355,612)
(318,351,613)
(313,360,614)
(311,361,615)
(311,357,616)
(311,357,617)
(313,353,618)
(315,347,619)
(317,343,620)
(317,343,621)
(319,339,622)
(320,336,623)
(322,335,624)
(329,328,625)
(329,328,626)
(329,328,627)
(323,334,628)
(323,334,629)
(328,330,630)
(326,332,631)
(329,329,632)
(333,325,633)
(341,317,634)
(343,312,635)
(355,303,636)
(355,311,637)
(355,313,638)
(358,310,639)
(365,302,640)
(364,294,641)
(364,294,642)
(365,293,643)
(365,293,644)
(365,292,645)
(373,289,646)
(372,288,647)
(376,287,648)
(386,284,649)
(396,279,650)
(392,272,651)
(390,272,652)
(390,274,653)
(393,272,654)
(398,267,655)
(404,264,656)
(414,267,657)
(414,267,658)
(414,267,659)
(414,267,660)
(416,265,661)
(420,264,662)
(422,264,663)
(424,264,664)
(420,263,665)
(424,264,666)
(429,266,667)
(425,265,668)
(424,268,669)
(426,268,670)
(424,269,671)
(426,270,672)
(426,270,673)
(426,270,674)
(427,270,675)
(436,271,676)
(427,270,677)
(428,270,678)
(428,269,679)
(428,269,680)
(428,270,681)
(426,271,682)
(427,273,683)
(426,270,684)
(426,270,685)
(431,274,686)
(429,271,687)
(425,271,688)
(424,271,689)
(426,269,690)
(426,271,691)
(426,269,692)
(426,269,693)
(426,269,694)
(429,270,695)
(430,267,696)
(431,265,697)
(432,265,698)
(431,264,699)
(429,264,700)
(430,265,701)
(436,269,702)
(436,269,703)
(432,266,704)
(428,264,705)
(430,264,706)
(427,264,707)
(427,263,708)
(430,263,709)
(432,263,710)
(436,267,711)
(436,268,712)
(435,270,713)
(434,268,714)
(433,268,715)
(432,267,716)
(431,266,717)
(431,267,718)
(431,267,719)
(431,267,720)
(438,253,721)
(439,253,722)
(439,253,723)
(440,251,724)
(448,258,725)
(446,259,726)
(446,259,727)
(432,270,728)
(432,271,729)
(432,270,730)
(431,270,731)
(441,249,732)
(448,258,733)
(448,258,734)
(442,249,735)
(442,249,736)
(442,249,737)
(442,249,738)
(446,248,739)
(456,245,740)
(462,255,741)
(468,256,742)
(468,256,743)
(468,256,744)
(473,264,745)
(474,263,746)
(474,264,747)
(469,256,748)
(469,254,749)
(469,254,750)
(472,261,751)
(472,261,752)
(472,261,753)
(472,261,754)
(472,260,755)
(472,256,756)
(474,260,757)
(464,261,758)
(464,248,759)
(463,248,760)
(464,243,761)
(477,263,762)
(458,258,763)
(452,265,764)
(445,267,765)
(439,264,766)
(431,262,767)
(413,268,768)
(406,270,769)
(394,276,770)
(396,278,771)
(393,277,772)
(393,277,773)
(400,283,774)
(394,288,775)
(376,301,776)
(370,302,777)
(367,302,778)
(367,302,779)
(370,303,780)
(367,302,781)
(370,303,782)
(355,303,783)
(341,308,784)
(349,308,785)
(344,313,786)
(343,317,787)
(344,320,788)
(347,320,789)
(343,325,790)
(341,332,791)
(333,346,792)
(329,348,793)
(331,347,794)
(329,350,795)
(340,337,796)
(333,348,797)
(333,345,798)
(332,345,799)
(331,347,800)
(332,343,801)
(331,349,802)
(331,349,803)
(333,348,804)
(333,348,805)
(333,350,806)
(334,350,807)
(336,350,808)
(341,350,809)
(345,348,810)
(350,346,811)
(352,347,812)
(353,347,813)
(353,345,814)
(352,347,815)
(353,345,816)
(345,361,817)
(352,359,818)
(359,359,819)
(361,359,820)
(366,359,821)
(367,366,822)
(357,362,823)
(363,358,824)
(368,359,825)
(372,357,826)
(372,347,827)
(372,350,828)
(374,354,829)
(372,350,830)
(376,355,831)
(384,357,832)
(392,360,833)
(400,358,834)
(406,349,835)
(406,349,836)
(405,350,837)
(406,347,838)
(416,352,839)
(424,357,840)
(428,373,841)
(430,374,842)
(430,374,843)
(430,374,844)
(429,373,845)
(430,375,846)
(430,379,847)
(438,386,848)
(436,393,849)
(439,402,850)
(448,390,851)
(448,391,852)
(449,391,853)
(452,395,854)
(448,421,855)
(448,422,856)
(448,424,857)
(448,424,858)
(448,424,859)
(448,424,860)
(448,425,861)
(456,436,862)
(460,442,863)
(462,445,864)
(462,446,865)
(462,446,866)
(462,447,867)
(440,469,868)
(432,468,869)
(432,468,870)
(478,495,871)
(432,468,872)
(461,487,873)
(457,492,874)
(456,490,875)
(457,485,876)
(454,485,877)
(454,485,878)